2.364169596365518766e-01 2.325550705310595045e-01 1.086531390566977673e-01 3.294116072070125689e-01 9.296322356867836589e-02
1.333969292324795330e-01 1.524649725908763243e-01 9.985933231803359456e-02 5.235108672242618777e-01 9.076789863434860106e-02
1.774965972765894795e-01 2.196111643293850169e-01 1.084375273275481610e-01 3.782948555184068029e-01 1.161598555480706091e-01
1.672417339113535517e-01 1.897993690696498092e-01 7.447806256208804043e-02 4.350931493721308385e-01 1.333876850847779405e-01
1.424421026074687846e-01 1.582932328569477409e-01 8.190016902188697323e-02 4.847683077764982085e-01 1.325961877371983066e-01
1.873235718788210935e-01 1.457935291720607318e-01 8.107726453476797601e-02 4.656615100504133409e-01 1.201441243639368855e-01
1.134162600839632301e-01 1.449148933231317049e-01 8.345126471687226710e-02 4.761637237143397927e-01 1.820538581616930052e-01
1.135962224596507725e-01 2.356729188526722196e-01 8.256206015220109162e-02 4.781330709781699828e-01 9.003572755730591959e-02
2.265371114351799331e-01 1.439605125820168086e-01 1.302024533452062205e-01 4.291381190563686165e-01 7.016180358122833804e-02
2.003654492090192196e-01 1.369523497927731259e-01 6.486229475347822515e-02 4.614117253760429693e-01 1.364081808686864461e-01
2.138019523152647483e-01 1.363940945506577351e-01 8.682600523413896987e-02 4.771932139462828903e-01 8.578473395365569798e-02
1.232398245271991571e-01 2.496116701741938615e-01 6.549078365344034036e-02 4.497890820317749783e-01 1.118686396133916627e-01
1.196813909163505357e-01 1.698770026910226827e-01 9.191319202416813050e-02 4.744790578942065240e-01 1.440493564742520993e-01
1.646776680120683456e-01 1.364216709883012690e-01 9.226085651944357369e-02 4.580189077745350779e-01 1.486208967056518171e-01
1.799793155266245781e-01 1.278325308196430476e-01 1.000303980795168857e-01 4.559709805400869453e-01 1.361867750341285987e-01
1.696543203164548042e-01 1.443282452529047466e-01 1.406849069306166933e-01 4.076806285131847063e-01 1.376518989868388831e-01
1.630955462922295540e-01 1.846898827397596143e-01 9.336362916503405940e-02 4.061431265799406720e-01 1.527078152230360308e-01
1.473824213668959715e-01 2.140141379176436209e-01 9.163978237580230890e-02 4.568910869460969248e-01 9.007257139356117381e-02
1.956383030608444817e-01 2.108402731942185249e-01 5.123889104800947308e-02 4.335739333365237758e-01 1.087085993604039180e-01
1.795926163085021510e-01 1.375580865930413343e-01 6.190925593243400832e-02 5.135398634713843613e-01 1.074001776946382769e-01
1.673874653756087238e-01 2.047315883337268161e-01 9.922701393973797079e-02 4.187186447194508609e-01 1.099352876314756006e-01
1.524289053293754193e-01 1.677636205040777817e-01 8.119172304278970964e-02 5.254483208240920966e-01 7.316743029966506218e-02
1.937584439124827029e-01 1.338492989525889021e-01 8.233357492875624517e-02 4.524463419674200626e-01 1.376123402387519901e-01
1.138363500105224885e-01 1.623250978534316602e-01 6.927140199322584513e-02 5.406065401291284545e-01 1.139606100136915934e-01
1.302252732285845704e-01 1.576239757950217146e-01 1.215971885491025362e-01 4.241302007832895016e-01 1.664233616440018715e-01
2.355732014612894887e-01 1.500970914772598586e-01 1.182667547812523423e-01 4.044729513740554228e-01 9.159000090614288769e-02
1.676011117979855636e-01 1.456644011817665174e-01 4.699568242821044323e-02 4.652572560392840284e-01 1.744815485527534127e-01
1.054944963721369949e-01 1.942521747238890040e-01 8.975936890928210010e-02 4.235466768844166618e-01 1.869472831102752253e-01
1.430961525248174160e-01 1.588812407785629432e-01 6.233171389640338594e-02 4.689339451742311482e-01 1.667569476259850303e-01
1.542963722913360536e-01 1.727366704432269084e-01 8.550435394481924190e-02 4.596982316696860971e-01 1.277643716509316574e-01
1.614195223749995689e-01 1.763978129517246585e-01 7.913702148553353188e-02 4.404529587124794698e-01 1.425926844752627987e-01
1.974718029382099282e-01 1.733897396966968818e-01 7.983894042926635570e-02 4.494393890128295377e-01 9.986012792299726881e-02
1.489840170854868362e-01 1.965410539557317093e-01 1.211713251439212047e-01 4.376832295324613042e-01 9.562037428239890391e-02
1.388849174005249987e-01 1.778541970582840637e-01 1.210136964114868763e-01 3.744524685013343457e-01 1.877947206283697157e-01
1.617970468465196321e-01 1.449487733920528099e-01 6.165731405482851452e-02 4.980686575067356792e-01 1.335282081998632464e-01
1.517635146586099049e-01 1.406582424345504123e-01 1.029508671579413559e-01 4.643188099598057339e-01 1.403085657890925375e-01
1.461565217595456601e-01 1.701423678035849374e-01 1.544550101185252766e-01 3.957203475116575775e-01 1.335257528066865762e-01
1.621427667223728220e-01 1.467292624124106326e-01 6.536372169288956480e-02 4.530519979981275092e-01 1.727122511741994160e-01
1.525906507328158579e-01 1.743634669045737162e-01 1.129119781760383884e-01 4.266356541178739081e-01 1.334982500686980322e-01
1.215835942304438755e-01 1.660618736140809515e-01 8.564902940906422846e-02 4.573358523693906164e-01 1.693696503770202588e-01
1.901276897509403818e-01 1.704702406022801930e-01 6.100360255791967973e-02 5.041154060014160221e-01 7.428306108744367475e-02
1.875526248066864965e-01 1.669772945922311513e-01 6.354202322182327112e-02 4.652609531207331228e-01 1.166671042585259999e-01
1.912484218782420642e-01 1.513812135364597800e-01 9.539401303122761744e-02 4.673454906270929632e-01 9.463086092697746421e-02
1.019605826615315736e-01 1.502121721855717851e-01 5.851662751516329558e-02 5.568960132749023462e-01 1.324146043628310898e-01
1.097217049278211565e-01 1.763327476647095771e-01 8.512361928271865164e-02 5.332323787916329882e-01 9.558954933311773761e-02
1.503232181650367705e-01 1.412528039954303871e-01 7.880960104208596662e-02 5.066615312143797345e-01 1.229528455830672384e-01
1.916777566423491230e-01 1.466697887351829099e-01 1.097883665557039534e-01 4.814344229222623506e-01 7.042966514450169080e-02
1.674120680206162282e-01 1.718360815414546605e-01 6.552217763875850531e-02 4.851293865010585238e-01 1.101002862981122210e-01
1.927169531040020811e-01 1.697524580928712057e-01 1.784995497361011874e-01 3.888914370567840839e-01 7.013960201024145580e-02
