2.541275493687277301e-02 2.994496600841696499e-02 3.399158303658141814e-03 5.195856264163159488e-02 7.439300744577532765e-01 3.237293622531563914e-02 1.129815474263515668e-01 0.000000000000000000e+00 0.000000000000000000e+00
4.207394815129621851e-02 8.627284317892053300e-02 6.714832129196769694e-02 1.997450063748406127e-02 5.741606459838504151e-01 1.886952826179345566e-01 0.000000000000000000e+00 2.167445813854653597e-02 0.000000000000000000e+00
6.944444444444444753e-02 3.505291005291005096e-02 2.380952380952380820e-02 5.357142857142856845e-02 4.871031746031745935e-01 1.273148148148148251e-01 0.000000000000000000e+00 5.787037037037037063e-02 1.458333333333333426e-01
6.973058637083993927e-02 1.267828843106180714e-02 3.961965134706814384e-02 8.716323296354992756e-02 4.215530903328050805e-01 5.863708399366085455e-02 0.000000000000000000e+00 0.000000000000000000e+00 3.106180665610142611e-01
1.421188630490956006e-01 2.157622739018087987e-01 3.204134366925064370e-01 0.000000000000000000e+00 1.188630490956072289e-01 2.028423772609819209e-01 0.000000000000000000e+00 0.000000000000000000e+00 0.000000000000000000e+00
3.652771809196390246e-02 6.446067898581864936e-03 2.664374731413837391e-02 3.652771809196390246e-02 6.295659647614955112e-01 5.242801890846583712e-02 0.000000000000000000e+00 9.969918349806618230e-02 1.121615814353244533e-01
2.891976183725545810e-02 6.521122767224270082e-03 7.938758151403459834e-03 0.000000000000000000e+00 7.575843493053586730e-01 1.358094698043663118e-01 2.835270768358378202e-04 0.000000000000000000e+00 6.294301105755599479e-02
8.613196365073093330e-02 5.096799683919399360e-02 1.750296325563018562e-01 4.148557882259976126e-02 5.973923350454365400e-01 1.975503753457131736e-02 0.000000000000000000e+00 2.923745555116554623e-02 0.000000000000000000e+00
1.007722734978338669e-01 1.738557167074778753e-01 1.186664155208137089e-01 7.157656809191938370e-03 4.089282350725183535e-01 4.162742512714259074e-02 5.085703522320587922e-02 0.000000000000000000e+00 9.813524204181578448e-02
4.941551540913921570e-02 3.586609989373007457e-02 2.205100956429330641e-02 1.408076514346440038e-02 1.830499468650371997e-01 7.066950053134962717e-02 0.000000000000000000e+00 0.000000000000000000e+00 6.248671625929861362e-01
5.147693902228363955e-02 4.836759371221281689e-02 2.418379685610640845e-02 2.021074451546035419e-02 9.362584211435480419e-02 5.890481948523060979e-02 3.109345310070823955e-03 0.000000000000000000e+00 7.001209189842805269e-01
2.269152999325994152e-02 3.999101325544821700e-02 1.954616940013480242e-02 8.088070096607504270e-03 8.386879352954392797e-01 5.055043810379689778e-02 0.000000000000000000e+00 2.044484385531341111e-02 0.000000000000000000e+00
6.945096198967620760e-02 3.195682778038479444e-01 6.006569685593617786e-02 8.259033317691225062e-02 3.481933364617550430e-01 4.927264195213514747e-02 7.085875175973721518e-02 0.000000000000000000e+00 0.000000000000000000e+00
2.884310618066561194e-01 6.497622820919175812e-02 7.606973058637084284e-02 0.000000000000000000e+00 1.077654516640253607e-01 8.399366085578446883e-02 0.000000000000000000e+00 5.071315372424722856e-02 3.280507131537242493e-01
6.942003514938488440e-02 2.196836555360281301e-02 2.724077328646748800e-02 0.000000000000000000e+00 1.906854130052724194e-01 8.875219683655535818e-02 2.284710017574692609e-02 0.000000000000000000e+00 5.790861159929701074e-01
1.879795396419437215e-01 2.423273657289002625e-01 2.026854219948849012e-01 2.109974424552429548e-02 7.416879795396419395e-02 1.157289002557544688e-01 6.393861892583120078e-03 7.033248081841432520e-02 7.928388746803069487e-02
3.226855616215588141e-01 1.500755023812289368e-01 1.492623998141479891e-01 1.149959344871645875e-02 7.445696364269950573e-02 3.310489023115344154e-02 2.283656638401672656e-01 5.924032988732721647e-03 2.462539203159484422e-02
2.304320601127113344e-02 2.905447714464621037e-02 2.391984971822166614e-02 9.680651221039449084e-02 4.388227927363806957e-01 1.123356293049467686e-01 0.000000000000000000e+00 1.277395115842204221e-01 1.482780212899185990e-01
2.717255196594039676e-02 7.287753568745304611e-02 1.139494114700726271e-02 4.620586025544703296e-02 5.467067367893814200e-01 8.564988730277986462e-02 9.203606311044328081e-02 6.010518407212622413e-03 1.119459053343350857e-01
2.883075280298985632e-02 2.313578928634988513e-03 1.459334401138992661e-02 7.652607225484961938e-03 2.609005161060686806e-01 4.974194696565225060e-01 0.000000000000000000e+00 0.000000000000000000e+00 1.882897312689090497e-01
2.940467582550012129e-02 4.507110147023379171e-02 2.964569775849602157e-02 1.190648348999758938e-01 1.009881899252832033e-01 1.356953482766931895e-01 8.676789587852494837e-03 8.676789587852494837e-03 5.227765726681128378e-01
1.710376282782212140e-03 2.394526795895096996e-02 5.701254275940707134e-03 0.000000000000000000e+00 1.009122006841505076e-01 2.023945267958950911e-01 0.000000000000000000e+00 0.000000000000000000e+00 6.653363740022805173e-01
2.304377409843501867e-01 8.346563846677250431e-02 1.063733272850986566e-01 0.000000000000000000e+00 6.622816965298253256e-02 2.177364481741891553e-02 9.026990247221591823e-02 1.247448400997958756e-02 3.889770923111816603e-01
5.528906841706639902e-02 2.575107296137339047e-02 1.494572077758141992e-01 1.413784397879323460e-02 9.997475385003787296e-02 6.437768240343347270e-02 5.554152991668770238e-03 2.423630396364554254e-02 5.612219136581670931e-01
